         K    S    A    D    N    B    G    J    V    R    E    W    Q    L    P    F    T    H    C    U    I    M    O

    K    0    0    0    0    0    0    0    0    1    1    0    0    0    0    0    0    1    0    0    0    0    0    0

    S    0    0    1    1    0    1    1    1    1    0    0    1    0    1    0    1    0    1    1    0    1    0    1

    A    0    1    0    0    1    0    0    0    1    1    0    0    1    1    1    0    1    0    0    1    0    1    1

    D    0    1    0    0    0    0    0    0    1    1    0    0    1    0    1    0    2    0    0    1    0    1    1

    N    0    0    0    0    0    0    0    0    1    0    0    0    0    0    0    0    1    0    0    0    0    0    0

    B    0    1    0    0    0    0    0    0    2    1    0    0    1    1    1    0    1    0    0    1    0    1    1

    G    0    1    0    0    0    0    0    0    1    1    0    0    1    1    0    0    1    0    0    1    0    0    1

    J    0    1    0    0    1    0    0    0    1    1    0    0    1    0    1    0    1    0    0    1    0    0    0

    V    1    1    2    2    1    2    1    1    0    1    1    1    1    0    0    1    1    2    2    0    2    0    0

    R    1    0    1    1    0    1    1    1    1    0    0    1    0    1    0    1    0    1    1    1    1    1    1

    E    0    0    0    0    0    0    0    0    1    0    0    0    0    0    0    0    1    0    0    0    0    0    1

    W    0    1    0    0    0    0    0    0    1    1    0    0    0    0    0    0    1    0    0    1    0    0    1

    Q    0    0    1    1    0    1    1    1    1    0    0    0    0    1    0    1    0    1    1    1    1    1    1

    L    0    0    1    1    0    1    0    0    0    1    0    0    1    0    0    0    1    1    1    0    1    0    0

    P    0    0    1    1    0    1    0    1    1    0    0    0    0    0    0    0    0    0    1    0    0    0    0

    F    0    1    0    0    0    0    0    0    1    1    0    0    1    1    0    0    1    0    0    1    0    1    1

    T    1    0    2    2    1    2    1    2    1    0    1    1    0    1    0    1    0    1    2    0    1    1    0

    H    0    1    0    0    0    0    0    0    1    1    0    0    1    0    0    0    1    0    0    1    0    1    1

    C    0    1    0    0    0    0    0    0    2    1    0    0    1    1    1    0    1    0    0    1    0    1    1

    U    0    0    1    1    0    1    1    1    0    1    1    1    1    0    0    1    0    1    1    0    1    0    0

    I    0    1    0    0    0    0    0    0    1    1    0    0    1    0    1    0    2    0    0    1    0    0    1

    M    0    0    1    1    0    1    0    0    0    1    0    0    1    0    0    1    1    1    1    0    1    0    0

    O    0    1    1    1    0    1    1    0    0    1    0    1    1    0    0    1    0    1    1    0    1    0    0
